1
1.04127
1.08199
1.12216
1.16178
1.20086
1.23939
1.2774
1.31487
1.35181
1.38823
1.42413
1.45951
1.49437
1.52872
1.56257
1.5959
1.62874
1.66108
1.69293
1.72428
1.75515
1.78554
1.81544
1.84486
1.87381
1.90229
1.9303
1.95785
1.98494
2.01157
2.03774
2.06347
2.08874
2.11357
2.13796
2.16191
2.18543
2.20851
2.23116
2.25339
2.2752
2.29659
2.31756
2.33812
2.35827
2.37801
2.39735
2.41629
2.43483
2.45298
2.47073
2.4881
2.50508
2.52168
2.5379
2.55375
2.56922
2.58432
2.59906
2.61343
2.62744
2.64109
2.65439
2.66734
2.67993
2.69218
2.70409
2.71566
2.72689
2.73778
2.74834
2.75858
2.76848
2.77807
2.78733
2.79628
2.80491
2.81323
2.82124
2.82894
2.83635
2.84345
2.85025
2.85676
2.86297
2.8689
2.87453
2.87989
2.88496
2.88975
2.89427
2.89851
2.90248
2.90619
2.90963
2.9128
2.91572
2.91838
2.92078
2.92293
2.92483
2.92648
2.92789
2.92906
2.92998
2.93067
2.93112
2.93135
2.93134
2.93111
2.93065
2.92997
2.92906
2.92795
2.92661
2.92507
2.92332
2.92135
2.91919
2.91682
2.91425
2.91148
2.90852
2.90536
2.90201
2.89848
2.89476
2.89085
2.88676
2.8825
2.87806
2.87344
2.86865
2.86369
2.85856
2.85327
2.84781
2.8422
2.83642
2.83049
2.8244
2.81816
2.81177
2.80524
2.79855
2.79173
2.78476
2.77765
2.77041
2.76303
2.75552
2.74788
2.7401
2.7322
2.72418
2.71604
2.70777
2.69938
2.69088
2.68227
2.67354
2.6647
2.65575
2.6467
2.63754
2.62828
2.61892
2.60946
2.5999
2.59025
2.5805
2.57067
2.56074
2.55073
2.54063
2.53045
2.52018
2.50984
2.49942
2.48892
2.47835
2.4677
2.45699
2.4462
2.43535
2.42443
2.41345
2.4024
2.3913
2.38014
2.36892
2.35764
2.34631
2.33493
2.3235
2.31202
2.3005
2.28893
2.27731
2.26565
2.25396
2.24222
2.23045
2.21864
2.2068
2.19492
2.18302
2.17108
2.15912
2.14713
2.13512
2.12308
2.11102
2.09894
2.08684
2.07473
2.0626
2.05045
2.03829
2.02612
2.01395
2.00176
1.98956
1.97736
1.96515
1.95294
1.94073
1.92852
1.91631
1.9041
1.8919
1.8797
1.8675
1.85532
1.84314
1.83097
1.81882
1.80667
1.79454
1.78243
1.77033
1.75825
1.74619
1.73415
1.72212
1.71012
1.69815
1.6862
1.67427
1.66237
1.6505
1.63866
1.62685
1.61507
1.60332
1.59161
1.57993
1.56829
1.55668
1.54511
1.53358
1.52209
1.51064
1.49923
1.48786
1.47654
1.46526
1.45403
1.44284
1.43171
1.42062
1.40958
1.39859
1.38765
1.37676
1.36593
1.35515
1.34443
1.33376
1.32314
1.31259
1.30209
1.29165
1.28128
1.27096
1.2607
1.25051
1.24038
1.23031
1.2203
1.21037
1.20049
1.19069
1.18095
1.17128
1.16168
1.15214
1.14268
1.13329
1.12397
1.11472
1.10554
1.09644
1.08741
1.07846
1.06958
1.06077
1.05204
1.04339
1.03482
1.02632
1.01791
1.00957
1.00131
0.993128
0.985029
0.977011
0.969075
0.96122
0.953448
0.945758
0.938151
0.930628
0.92319
0.915835
0.908566
0.901381
0.894283
0.88727
0.880343
0.873504
0.866751
0.860086
0.853508
0.847018
0.840617
0.834304
0.82808
0.821945
0.8159
0.809944
0.804078
0.798303
0.792617
0.787022
0.781518
0.776105
0.770783
0.765553
0.760414
0.755366
0.75041
0.745546
0.740775
0.736095
0.731508
0.727013
0.72261
0.7183
0.714083
0.709958
0.705926
0.701987
0.69814
0.694387
0.690726
0.687158
0.683682
0.6803
0.67701
0.673813
0.670708
0.667697
0.664777
0.66195
0.659216
0.656573
0.654023
0.651565
0.649199
0.646924
0.644742
0.64265
0.64065
0.638741
0.636923
0.635196
0.633559
0.632013
0.630557
0.62919
0.627913
0.626726
0.625628
0.624618
0.623697
0.622865
0.62212
0.621463
0.620893
0.62041
0.620014
0.619704
0.619481
0.619342
0.619289
0.619321
0.619437
0.619637
0.619921
0.620288
0.620737
0.621269
0.621883
0.622577
0.623353
0.624209
0.625145
0.626161
0.627255
0.628428
0.629678
0.631005
0.63241
0.63389
0.635446
0.637077
0.638782
0.640561
0.642414
0.644338
0.646335
0.648403
0.650541
0.65275
0.655028
0.657374
0.659788
0.662269
0.664817
0.667431
0.67011
0.672853
0.675659
0.678528
0.68146
0.684452
0.687505
0.690618
0.693789
0.697019
0.700306
0.703649
0.707047
0.710501
0.714008
0.717568
0.72118
0.724843
0.728556
0.732319
0.73613
0.739989
0.743894
0.747844
0.751839
0.755878
0.75996
0.764083
0.768247
0.77245
0.776692
0.780972
0.785288
0.789639
0.794025
0.798445
0.802896
0.807379
0.811892
0.816434
0.821004
0.8256
0.830222
0.834869
0.839538
0.84423
0.848943
0.853676
0.858427
0.863195
0.86798
0.872779
0.877592
0.882418
0.887255
0.892101
0.896957
0.901819
0.906688
0.911561
0.916438
0.921317
0.926197
0.931076
0.935953
0.940827
0.945696
0.950559
0.955415
0.960262
0.965099
0.969924
0.974736
0.979533
0.984314
0.989078
0.993823
0.998548
1.00325
1.00793
1.01258
1.01721
1.02181
1.02638
1.03092
1.03543
1.0399
1.04434
1.04874
1.0531
1.05742
1.0617
1.06594
1.07012
1.07427
1.07836
1.0824
1.08639
1.09033
1.09421
1.09804
1.10181
1.10551
1.10915
1.11273
1.11625
1.11969
1.12307
1.12638
1.12961
1.13277
1.13585
1.13885
1.14177
1.14462
1.14737
1.15005
1.15263
1.15512
1.15753
1.15984
1.16205
1.16417
1.16619
1.16811
1.16993
1.17164
1.17324
1.17474
1.17612
1.17739
1.17855
1.17959
1.18051
1.18131
1.18199
1.18254
1.18297
1.18327
1.18343
1.18347
1.18336
1.18312
1.18275
1.18222
1.18156
1.18075
1.17979
1.17868
1.17742
1.176
1.17443
1.1727
1.17081
1.16875
1.16653
1.16414
1.16158
1.15884
1.15593
1.15285
1.14958
1.14614
1.14251
1.13869
1.13469
1.13049
1.1261
1.12152
1.11673
1.11175
1.10656
1.10117
1.09557
1.08976
1.08374
1.0775
1.07105
1.06437
1.05748
1.05035
1.043
1.03543
1.02761
1.01957
1.01128
1.00276
